==================
test 1:
student:
6 10
0,1,6
1,2,5
1,3,-4
1,4,8
2,1,-2
3,0,2
3,2,7
3,4,9
4,0,7
5,2,5
1

grader:
TRUE
0
6
9
2
11
INFINITY

==================
test 2:
student:
6 11
0,1,6
1,2,5
1,3,-4
1,4,8
2,1,-2
3,0,2
3,2,7
3,4,9
3,5,-14
4,0,7
5,2,5
1

grader:
FALSE

==================
test 3:
student:
6 11
0,1,6
1,2,5
1,3,-4
1,4,8
2,1,-2
3,0,2
3,2,7
3,4,9
3,5,1
4,0,7
5,2,5
1

grader:
TRUE
0
6
8
2
11
3

==================
test 4:
student:
10 27
0,5,67
0,6,58
1,2,8
1,9,2
3,0,7
3,1,49
3,2,4
3,3,7
3,7,16
3,9,-17
4,7,74
4,8,50
5,4,18
5,5,51
5,8,5
5,9,54
6,0,37
6,3,43
6,6,72
8,1,-14
8,5,27
8,7,5
8,9,-6
9,2,26
9,3,31
9,4,45
9,7,-11
1

grader:
TRUE
0
58
66
91
85
67
58
49
72
60

==================
test 5:
student:
10 26
0,5,62
0,6,53
1,2,3
1,9,-3
3,0,2
3,1,44
3,2,-1
3,3,2
3,7,11
3,9,-22
4,7,69
4,8,45
5,1,-5
5,4,13
5,5,46
5,9,49
6,0,32
6,3,38
6,6,67
8,1,-19
8,5,22
8,9,-11
9,2,21
9,3,26
9,4,40
9,7,-16
1

grader:
TRUE
0
57
60
80
75
62
53
38
120
54

